1 160115046 BCM FEMALE 181.0 154.0 27.0
1 210910049 BCM FEMALE 175.0 148.0 27.0
1 010129200 BCM FEMALE 172.5 148.5 24.0
1 210113100 BCM MALE 165.5 135.5 30.0
1 010132021 BCM MALE 159.5 129.5 30.0
1 014320145 BCM FEMALE 155.5 128.5 27.0
1 070302178 BCM FEMALE 155.0 125.0 30.0
1 190137230 BCM FEMALE 153.5 123.5 30.0
1 014215288 BCM FEMALE 152.5 122.5 30.0
1 010531212 BCM MALE 152.0 131.0 21.0
1 014320013 BCM FEMALE 151.0 121.0 30.0
1 100308083 BCM FEMALE 151.0 121.0 30.0
1 250103151 BCM MALE 149.0 122.0 27.0
1 010515167 BCM FEMALE 144.5 117.5 27.0
1 010929423 BCM FEMALE 141.5 111.5 30.0
1 150123244 BCM FEMALE 140.0 116.0 24.0
1 010520019 BCM MALE 139.5 112.5 27.0
1 020230067 BCM FEMALE 139.5 109.5 30.0
1 050712111 BCM MALf139.5 112.5 27.0
1 170158333 BCM FEMALE 136.5 112.5 24.0
1 070129180 BCM FEMALE 136.0 106.0 30.0
1 100209173 BCM MALE 136.0 109.0 27.0
1 170146198 BCM FEMALE 136.0 109.0 27.0
1 040149300 BCM MALE 135.0 108.0 27.0
1 050105272 BCM FEMALE 134.0 110.0 24.0
1 070832173 BCM FEMALE 134.0 104.0 30.0
1 220111161 BCM MALE 133.0 109.0 24.0
1 020130299 BCM FEMALE 132.0 105.0 27.0
1 190508099 BCM MALE 132.0 111.0 21.0
1 010121122 BCM FEMALE 131.5 104.5 27.0
1 010129342 BCM FEMALE 131.0 104.0 27.0
1 170150093 BCM FEMALE 131.0 104.0 27.0
1 190513127 BCM FEMALE 131.0 101.0 30.0
1 010119217 BCM MALE 130.5 106.5 24.0
1 010528196 BCM MALE 130.5 106.5 24.0
1 010128165 BCM MALE 130.0 100.0 30.0
1 100139282 BCM FEMALE 129.0 99.0 30.0
1 220213032 BCM MALE 129.0 105.0 24.0
1 020404278 BCM FEMALE 127.0 100.0 27.0
1 160120139 BCM FEMALE 126.0 102.0 24.0
1 170140023 BCM MALE 126.0 102.0 24.0
1 180113188 BCM FEMALE 125.0 101.0 24.0
1 010118230 BCM MALE 124.5 97.5 27.0
1 260102178 BCM FEMALE 124.5 100.5 24.0
1 100511064 BCM FEMALE 124.0 97.0 27.0
1 010120280 BCM FEMALE 123.5 99.5 24.0
1 140116114 BCM FEMALE 123.5 96.5 27.0
1 010528123 BCM MALE 123.0 99.0 24.0
1 160105068 BCM FEMALE 123.0 99.0 24.0
1 150117180 BCM FEMALE 122.0 92.0 30.0
1 012323233 BCM FEMALE 121.5 97.5 24.0
1 100213161 BCM MALE 121.5 97.5 24.0
1 260305101 BCM MALE 120.0 93.0 27.0
1 010104277 BCM FEMALE 119.5 98.5 21.0
1 080119037 BCM FEMALE 119.0 95.0 24.0
1 100114042 BCM FEMALE 119.0 101.0 18.0
1 010109063 BCM FEMALE 117.0 90.0 27.0
1 014201250 BCM MALE 117.0 87.0 30.0
1 100306180 BCM FEMALE 117.0 87.0 30.0
1 261019171 BCM FEMALE 116.5 89.5 27.0
1 190209036 BCM FEMALE 114.5 87.5 27.0
1 100109098 BCM FEMALE 114.0 87.0 27.0
1 070804266 BCM FEMALE 113.5 86.5 27.0
1 170711222 BCM FEMALE 113.5 89.5 24.0
1 010528149 BCM FEMALE 113.0 89.0 24.0
1 160508084 BCM FEMALE 113.0 83.0 30.0
1 260517225 BCM FEMALE 113.0 83.0 30.0
1 250134120 BCM FEMALE 112.5 82.5 30.0
1 010125156 BCM FEMALE 111.5 84.5 27.0
1 100305051 BCM MALE 111.5 81.5 30.0
1 280120092 BCM FEMALE 111.5 81.5 30.0
1 100134140 BCM FEMALE 110.0 80.0 30.0
1 190211226 BCM FEMALE 110.0 86.0 24.0
1 260517072 BCM FEMALE 110.0 83.0 27.0
1 060304066 BCM FEMALE 109.5 85.5 24.0
1 261005391 BCM MALE 109.0 82.0 27.0
1 070125162 BCM FEMALE 108.5 81.5 27.0
1 260509147 BCM MALE 108.5 78.5 30.0
1 100243173 BCM FEMALE 107.5 83.5 24.0
1 120310092 BCM FEMALE 107.5 86.5 21.0
1 050143040 BCM FEMALE 107.0 80.0 27.0
1 250905250 BCM FEMALE 106.0 82.0 24.0
1 070820286 BCM MALE 105.5 75.5 30.0
1 100140238 BCM FEMALE 105.5 81.5 24.0
1 040114079 BCM MALE 104.0 80.0 24.0
1 280117288 BCM FEMALE 104.0 80.0 24.0
1 110111117 BCM FEMALE 102.0 81.0 21.0
1 190207128 BCM FEMALE 101.5 77.5 24.0
1 070130222 BCM FEMALE 101.0 74.0 27.0
1 100116121 BCM MALE 99.0 69.0 30.0
1 200120044 BCM FEMALE 98.0 68.0 30.0
1 100133214 BCM FEMALE 97.5 67.5 30.0
1 260506379 BCM MALE 95.5 77.5 18.0
1 050712054 BCM FEMALE 95.0 71.0 24.0
1 060122348 BCM FEMALE 93.5 72.5 21.0
1 170220112 BCM MALE 93.5 66.5 27.0
1 260503004 BCM MALE 89.0 62.0 27.0
1 050712002 BCM MALE 86.0 62.0 24.0
